UserIds and their total number of purchases (same UserIds but different TransactionIds)
-1         3710
 313131     248
 267708     224
 374661     169
 306726     128
 274869     118
 321531     118
 272391      89
 305067      86
 281568      81
 307566      77
 336609      76
 344862      75
 297276      66
 289758      63
 380142      62
 287574      60
 366450      55
 316281      55
 336273      54
 318969      53
 289107      52
 376929      52
 315819      52
 374031      51
 271341      50
 261891      49
 367731      46
 338793      46
 300258      45
 365169      43
 371217      43
 274638      43
 284214      43
 363615      43
 289317      41
 371175      41
 275058      41
 282828      41
 275373      40
 353619      39
 377181      39
 277179      39
 316638      38
 270921      36
 279699      36
 315105      35
 325458      35
 278523      35
 263949      35
 374850      35
 296016      34
 309435      34
 318339      34
 285579      33
 365988      33
 298074      32
 332976      31
 372897      31
 380478      31
 380289      31
 369201      31
 350364      31
 297780      31
 266322      31
 365001      30
 362103      30
 261954      30
 295176      29
 290934      29
 273378      29
 347025      29
 287028      29
 267120      29
 350805      29
 322518      29
 331149      29
 311829      28
 346983      28
 274050      28
 352359      28
 339528      28
 308007      27
 336693      27
 308448      27
 357357      27
 266301      27
 327915      27
 382683      27
 278607      27
 275142      27
 274449      27
 310716      27
 375165      27
 266889      26
 295071      26
 351309      26
 269661      26
 260715      26
 355383      26
 339381      26
 305214      25
 381612      25
 374997      25
 340011      25
 324765      24
 298557      24
 297969      24
 312795      24
 347718      24
 305760      24
 302337      23
 350112      23
 294651      23
 308280      23
 325542      23
 265041      23
 317625      23
 343413      23
 281778      23
 315924      22
 369096      22
 358428      22
 273084      22
 371826      22
 325773      22
 282618      22
 342993      22
 305802      22
 319074      22
 378861      22
 353094      22
 291501      22
 355551      21
 350973      21
 274701      21
 364917      21
 332598      21
 363426      21
 382158      21
 321090      21
 305403      21
 349776      21
 349146      20
 293349      20
 331905      20
 295260      20
 382809      20
 266343      20
 332367      20
 344421      20
 344253      20
 271551      20
 321111      20
 285096      20
 326655      20
 261996      20
 295785      19
 351666      19
 352422      19
 301707      19
 372435      19
 331884      19
 278586      19
 355488      19
 355845      19
 267897      19
 348432      19
 330498      19
 369831      19
 263340      19
 261177      19
 272769      19
 318927      18
 295197      18
 365484      18
 294672      18
 351645      18
 318024      18
 302715      18
 274890      18
 264243      18
 383061      18
 372099      18
 273987      18
 264264      18
 350721      18
 345618      18
 339045      18
 370692      18
 340410      18
 308742      18
 352044      18
 300279      18
 261051      18
 278649      17
 328440      17
 295932      17
 370524      17
 287889      17
 327621      17
 339927      17
 382725      17
 350238      17
 350070      17
 283248      17
 369873      17
 306747      17
 361998      17
 350700      17
 276108      17
 376320      17
 266952      17
 353703      17
 364140      16
 310800      16
 333207      16
 377034      16
 273294      16
 284592      16
 318192      16
 302946      16
 266868      16
 364266      16
 371490      16
 315966      16
 269619      16
 351162      16
 274974      16
 335055      16
 383943      16
 336231      16
 293685      16
 325122      16
 354984      16
 348747      16
 320691      16
 334719      16
 328062      16
 289149      16
 278628      15
 320271      15
 277830      15
 372330      15
 373989      15
 273021      15
 273273      15
 320229      15
 260295      15
 309393      15
 302610      15
 379365      15
 313992      15
 294840      15
 329574      15
 293979      15
 298767      15
 310968      15
 299922      15
 347970      15
 296835      15
 288876      15
 327642      15
 342846      15
 359919      15
 327831      15
 303702      15
 287595      15
 304542      14
 361851      14
 379575      14
 298011      14
 373590      14
 370671      14
 272055      14
 330099      14
 303576      14
 370839      14
 299103      14
 263613      14
 300132      14
 347613      14
 372225      14
 371616      14
 300909      14
 313824      14
 302421      14
 275037      14
 297339      14
 365799      14
 377475      14
 382746      14
 358491      14
 267351      14
 321321      14
 266805      14
 327201      14
 291291      14
 326487      14
 377265      14
 291690      14
 355152      14
 288582      14
 361620      14
 308889      14
 275415      14
 376740      14
 295848      14
 321258      14
 339906      13
 305025      13
 306033      13
 325878      13
 285348      13
 326970      13
 325794      13
 339276      13
 322833      13
 302190      13
 365442      13
 296310      13
 358449      13
 312186      13
 291480      13
 299019      13
 310296      13
 293643      13
 353178      13
 298431      13
 353157      13
 315441      13
 274953      13
 341061      13
 325941      13
 262983      13
 265146      13
 262374      13
 265587      13
 375270      13
 266238      13
 262500      13
 264999      13
 259602      13
 262143      13
 379533      13
 261912      13
 376404      13
 308931      12
 358281      12
 335391      12
 329616      12
 372036      12
 343539      12
 308973      12
 375018      12
 320901      12
 276864      12
 383397      12
 328860      12
 272580      12
 314181      12
 272097      12
 315483      12
 330477      12
 260988      12
 379932      12
 260757      12
 381024      12
 284991      12
 342636      12
 342153      12
 281946      12
 286251      12
 302295      12
 307839      12
 319935      12
 364644      12
 308721      12
 300111      12
 296352      12
 273441      12
 296772      12
 332934      12
 261597      12
 296079      12
 377937      12
 353577      12
 293853      12
 373149      12
 270417      12
 311325      12
 279804      12
 352674      12
 309855      12
 326109      12
 265902      12
 268359      12
 295302      12
 360402      11
 319578      11
 292404      11
 373779      11
 267687      11
 286230      11
 316239      11
 316218      11
 334572      11
 288225      11
 264600      11
 311010      11
 341565      11
 286209      11
 326424      11
 382599      11
 317709      11
 337596      11
 304605      11
 367290      11
 367311      11
 363594      11
 318150      11
 259392      11
 361830      11
 355299      11
 361473      11
 262101      11
 345954      11
 319221      11
 275856      11
 315693      11
 315714      11
 277389      11
 293391      11
 358029      11
 367689      11
 356685      11
 276738      11
 367752      11
 378924      11
 329427      11
 379617      11
 321279      11
 335664      11
 289464      11
 264474      11
 350952      11
 267813      11
 368088      11
 327726      11
 271887      11
 379155      11
 329868      11
 352107      11
 349398      11
 273252      11
 358323      11
 349692      11
 263907      11
 357021      11
 352275      11
 335853      10
 262290      10
 368130      10
 317394      10
 306327      10
 283311      10
 365862      10
 309372      10
 369852      10
 336336      10
 306012      10
 335013      10
 275646      10
 339780      10
 366282      10
 313047      10
 315504      10
 281274      10
 312963      10
 310149      10
 334236      10
 312921      10
 368907      10
 366471      10
 267624      10
 279405      10
 341355      10
 367584      10
 282408      10
 336399      10
 364098      10
 339150      10
 337197      10
 298641      10
 328272      10
 356286      10
 379281      10
 291270      10
 291102      10
 347529      10
 266784      10
 328188      10
 300489      10
 287700      10
 287784      10
 359394      10
 271929      10
 302148      10
 299418      10
 358911      10
 288855      10
 321216      10
 371805      10
 321384      10
 329091      10
 322371      10
 322476      10
 270207      10
 297948      10
 331044      10
 350910      10
 274722      10
 355782      10
 344547      10
 332745      10
 344946      10
 303261      10
 265377      10
 361578      10
 382830      10
 375648      10
 265944      10
 331716      10
 354333      10
 353073      10
 324933      10
 326067      10
 374577      10
 290682       9
 309498       9
 365736       9
 354375       9
 264558       9
 293748       9
 279657       9
 378168       9
 309624       9
 279867       9
 356916       9
 291543       9
 292131       9
 310674       9
 295743       9
 356034       9
 295491       9
 366114       9
 343602       9
 351057       9
 342426       9
 282135       9
 361053       9
 285810       9
 267267       9
 361284       9
 361431       9
 363783       9
 350406       9
 344274       9
 305004       9
 305193       9
 305487       9
 343665       9
 305466       9
 312228       9
 360948       9
 360633       9
 301161       9
 364728       9
 262017       9
 261933       9
 301014       9
 347550       9
 308784       9
 359037       9
 348789       9
 281064       9
 363153       9
 266259       9
 298221       9
 381528       9
 302547       9
 308616       9
 372750       9
 370923       9
 276843       9
 370314       9
 312438       9
 333081       9
 269913       9
 373800       9
 260568       9
 316953       9
 313656       9
 330750       9
 333354       9
 332031       9
 327516       9
 322665       9
 320061       9
 375081       9
 260883       9
 269703       9
 275877       9
 374388       9
 374808       9
 272223       9
 320670       9
 370209       9
 369411       8
 361788       8
 322770       8
 364665       8
 273546       8
 333963       8
 308196       8
 333501       8
 341082       8
 323022       8
 275919       8
 328818       8
 322959       8
 372519       8
 351099       8
 288015       8
 307419       8
 307440       8
 269976       8
 268443       8
 351225       8
 351603       8
 317247       8
 370755       8
 329154       8
 377748       8
 320460       8
 284067       8
 317940       8
 288603       8
 283920       8
 269346       8
 298872       8
 288435       8
 299502       8
 284529       8
 317814       8
 380919       8
 283605       8
 317688       8
 303912       8
 383145       8
 343560       8
 333060       8
 305361       8
 375774       8
 333144       8
 275310       8
 369642       8
 342972       8
 283101       8
 359289       8
 358890       8
 262164       8
 275457       8
 283017       8
 334026       8
 364812       8
 271110       8
 301224       8
 330855       8
 271089       8
 277725       8
 294630       8
 310086       8
 330792       8
 312858       8
 302694       8
 271299       8
 334110       8
 263088       8
 324303       8
 352611       8
 366429       8
 374199       8
 261744       8
 355110       8
 311934       8
 380436       8
 319494       8
 360444       8
 355005       8
 311682       8
 265776       8
 338415       8
 311514       8
 366660       8
 301644       8
 360843       8
 263004       8
 331485       8
 309519       8
 375207       8
 352590       8
 277158       8
 356643       8
 271635       8
 365316       8
 296142       8
 335601       8
 267729       8
 335454       8
 323610       8
 296247       8
 271971       8
 372918       8
 368802       8
 383460       8
 296373       8
 340578       8
 309330       8
 271908       8
 328125       8
 314496       8
 356559       8
 271719       8
 368046       8
 300615       7
 359793       7
 347634       7
 347676       7
 359835       7
 371322       7
 359646       7
 320040       7
 371133       7
 359016       7
 371049       7
 287385       7
 359247       7
 380037       7
 371385       7
 286902       7
 286650       7
 371406       7
 347151       7
 299607       7
 286818       7
 288057       7
 371196       7
 379449       7
 379974       7
 353661       7
 324513       7
 383712       7
 355929       7
 294987       7
 327012       7
 326823       7
 325311       7
 325353       7
 265167       7
 325605       7
 355509       7
 323946       7
 294084       7
 374073       7
 355278       7
 293811       7
 326235       7
 354291       7
 292761       7
 259287       7
 354480       7
 293475       7
 295344       7
 264810       7
 349293       7
 298389       7
 330267       7
 298746       7
 266364       7
 298515       7
 288918       7
 298494       7
 263802       7
 329826       7
 298410       7
 272937       7
 298158       7
 356727       7
 297738       7
 297675       7
 289884       7
 357567       7
 372624       7
 351435       7
 266154       7
 351624       7
 264579       7
 357147       7
 319620       7
 293013       7
 317205       7
 284256       7
 313908       7
 304647       7
 280140       7
 341943       7
 339003       7
 304353       7
 267141       7
 336567       7
 284298       7
 283689       7
 275814       7
 304227       7
 313110       7
 339633       7
 344799       7
 307146       7
 303786       7
 282177       7
 365946       7
 317226       7
 303303       7
 282576       7
 275478       7
 369516       7
 342741       7
 365652       7
 376677       7
 267246       7
 317310       7
 261723       7
 364077       7
 367899       7
 343308       7
 381717       7
 261093       7
 363048       7
 363027       7
 283479       7
 362964       7
 277368       7
 335916       7
 345114       7
 381591       7
 281001       7
 336882       7
 281610       7
 260589       7
 346017       7
 338058       7
 269430       7
 302589       7
 302568       7
 361011       7
 361494       7
 286083       7
 286167       7
 268086       7
 354732       7
 375354       7
 302484       7
 315798       7
 268338       7
 318759       7
 345786       7
 339570       7
 341586       7
 307713       7
 277872       7
 345555       7
 339864       7
 278166       7
 338247       7
 312543       7
 345723       7
 332010       7
 285390       7
 307965       7
 335727       7
 302988       7
 352170       6
 315567       6
 264873       6
 378777       6
 309099       6
 381507       6
 309183       6
 328041       6
 328020       6
 296121       6
 309708       6
 324114       6
 335958       6
 311892       6
 337806       6
 337974       6
 354417       6
 326172       6
 311661       6
 293664       6
 338163       6
 311409       6
 261555       6
 325668       6
 293874       6
 293895       6
 265503       6
 381843       6
 338751       6
 381780       6
 259539       6
 381759       6
 261471       6
 381738       6
 313551       6
 323400       6
 309645       6
 295029       6
 352989       6
 327474       6
 309561       6
 295638       6
 264621       6
 319515       6
 382410       6
 332514       6
 300237       6
 303072       6
 303114       6
 300090       6
 300069       6
 332094       6
 348600       6
 330645       6
 303975       6
 304122       6
 320313       6
 299397       6
 348978       6
 304563       6
 347886       6
 300447       6
 382641       6
 301182       6
 346437       6
 346500       6
 346353       6
 262920       6
 319368       6
 301539       6
 319263       6
 302862       6
 262857       6
 382851       6
 380562       6
 331989       6
 300552       6
 302799       6
 298935       6
 349188       6
 381381       6
 296961       6
 317100       6
 307041       6
 322980       6
 307083       6
 297066       6
 341691       6
 316869       6
 260001       6
 333858       6
 316701       6
 340935       6
 296541       6
 316365       6
 328503       6
 382956       6
 350301       6
 304731       6
 317457       6
 304815       6
 332661       6
 330162       6
 305130       6
 317562       6
 349755       6
 343161       6
 306495       6
 260148       6
 305865       6
 342867       6
 260043       6
 350028       6
 329301       6
 337239       6
 264096       6
 365106       6
 287112       6
 371742       6
 371700       6
 266385       6
 375123       6
 288792       6
 266511       6
 273567       6
 358785       6
 358806       6
 269640       6
 358995       6
 288288       6
 371091       6
 375333       6
 266553       6
 358134       6
 358050       6
 358008       6
 270228       6
 266070       6
 291060       6
 377874       6
 356769       6
 356832       6
 356958       6
 290451       6
 289422       6
 372834       6
 374976       6
 372183       6
 289842       6
 372162       6
 266196       6
 266700       6
 360087       6
 291564       6
 286734       6
 283395       6
 363342       6
 267162       6
 368067       6
 282471       6
 282450       6
 277473       6
 366849       6
 281337       6
 268275       6
 376152       6
 366723       6
 278922       6
 279510       6
 279720       6
 368592       6
 268422       6
 283983       6
 274932       6
 360360       6
 286356       6
 286272       6
 360780       6
 370293       6
 361263       6
 285453       6
 275961       6
 275184       6
 369789       6
 361767       6
 369453       6
 361956       6
 275898       6
 291522       6
 269388       6
 292929       6
 292425       6
 354879       6
 355215       6
 374598       6
 266028       6
 295617       5
 369663       5
 316659       5
 265545       5
 316995       5
 317058       5
 262542       5
 333522       5
 317268       5
 345240       5
 345198       5
 260841       5
 303387       5
 275289       5
 345324       5
 284844       5
 303282       5
 303240       5
 285075       5
 304017       5
 304458       5
 344589       5
 284004       5
 260967       5
 283710       5
 334698       5
 343959       5
 316008       5
 325731       5
 316050       5
 362502       5
 304626       5
 344169       5
 283857       5
 380835       5
 368760       5
 344295       5
 276045       5
 354249       5
 380625       5
 354039       5
 345576       5
 285117       5
 331968       5
 318297       5
 286524       5
 286587       5
 332115       5
 346815       5
 318612       5
 332052       5
 339213       5
 378336       5
 368634       5
 318801       5
 370608       5
 382872       5
 347193       5
 326781       5
 319137       5
 300741       5
 370713       5
 260673       5
 346563       5
 274659       5
 346479       5
 275247       5
 266994       5
 333018       5
 332955       5
 345870       5
 377286       5
 269283       5
 317856       5
 332619       5
 265797       5
 302463       5
 262878       5
 294105       5
 360675       5
 286314       5
 271152       5
 302169       5
 382431       5
 276297       5
 362712       5
 366870       5
 376509       5
 308658       5
 326193       5
 337932       5
 308532       5
 308511       5
 340725       5
 337785       5
 308364       5
 293076       5
 337701       5
 340872       5
 340893       5
 278565       5
 376530       5
 341040       5
 312039       5
 308133       5
 374367       5
 354711       5
 367101       5
 365526       5
 267834       5
 279783       5
 279636       5
 366240       5
 365610       5
 339612       5
 279573       5
 338688       5
 365505       5
 340389       5
 279489       5
 365400       5
 280602       5
 338520       5
 340221       5
 340263       5
 366597       5
 311577       5
 341145       5
 337386       5
 359751       5
 305613       5
 306243       5
 342825       5
 292950       5
 314538       5
 276906       5
 267183       5
 265734       5
 271026       5
 343350       5
 363657       5
 276591       5
 355047       5
 276528       5
 343518       5
 276402       5
 276339       5
 334950       5
 315672       5
 306264       5
 314223       5
 341229       5
 354900       5
 307797       5
 312375       5
 307755       5
 341418       5
 277998       5
 364350       5
 364308       5
 277557       5
 307125       5
 336063       5
 313236       5
 293622       5
 268401       5
 261324       5
 367836       5
 261072       5
 314139       5
 367962       5
 287280       5
 317772       5
 296436       5
 288750       5
 297696       5
 373170       5
 273315       5
 372288       5
 320607       5
 372498       5
 358575       5
 323736       5
 349377       5
 264936       5
 259980       5
 294735       5
 298809       5
 298851       5
 323631       5
 371532       5
 288708       5
 298893       5
 296331       5
 260547       5
 375249       5
 351246       5
 383019       5
 382977       5
 379953       5
 272874       5
 299145       5
 352128       5
 327264       5
 297717       5
 271236       5
 264537       5
 323232       5
 292068       5
 350196       5
 297045       5
 269934       5
 357882       5
 290304       5
 321552       5
 355698       5
 329952       5
 271404       5
 289191       5
 349860       5
 358239       5
 351855       5
 291774       5
 324828       5
 271992       5
 358302       5
 349734       5
 351708       5
 351750       5
 321048       5
 377559       5
 296793       5
 296709       5
 291921       5
 265293       5
 291795       5
 271488       5
 373254       5
 356664       5
 327978       5
 371007       5
 271656       5
 355593       5
 319998       5
 359415       5
 274008       5
 350931       5
 331317       5
 271173       5
 290073       5
 373359       5
 324429       5
 347991       5
 372351       5
 327705       5
 263319       5
 263256       5
 322224       5
 300405       5
 291375       5
 370776       5
 329049       5
 331506       5
 266637       5
 263130       5
 287532       5
 300006       5
 288099       5
 319767       5
 352254       5
 289968       5
 352191       5
 299271       5
 321909       5
 290115       5
 326949       5
 356055       5
 329196       5
 325164       5
 322707       5
 350322       5
 352821       5
 294336       5
 290976       5
 319788       5
 263697       5
 299796       5
 350889       5
 313173       4
 278187       4
 272307       4
 312837       4
 277452       4
 261114       4
 278040       4
 261429       4
 277620       4
 336294       4
 367815       4
 328776       4
 336315       4
 374829       4
 259308       4
 272370       4
 336798       4
 336903       4
 372456       4
 367542       4
 313677       4
 336945       4
 274155       4
 323274       4
 311304       4
 338352       4
 279321       4
 366534       4
 310905       4
 279468       4
 338562       4
 261702       4
 338646       4
 310590       4
 326130       4
 383523       4
 279594       4
 327768       4
 338940       4
 267855       4
 309918       4
 270648       4
 366009       4
 271593       4
 311220       4
 279237       4
 328608       4
 323841       4
 337302       4
 312291       4
 328566       4
 328524       4
 312207       4
 381948       4
 328461       4
 376005       4
 373527       4
 323526       4
 323547       4
 270543       4
 271740       4
 261576       4
 328104       4
 311724       4
 271677       4
 278817       4
 278985       4
 367941       4
 335265       4
 336189       4
 333102       4
 325500       4
 370125       4
 326991       4
 330729       4
 271530       4
 370041       4
 326550       4
 269220       4
 382578       4
 326529       4
 330603       4
 374052       4
 383082       4
 270459       4
 317436       4
 330330       4
 317373       4
 374136       4
 369369       4
 275751       4
 369285       4
 271068       4
 327054       4
 375837       4
 259644       4
 319977       4
 373842       4
 325143       4
 319179       4
 331653       4
 331737       4
 331821       4
 274344       4
 319326       4
 331422       4
 370566       4
 331401       4
 269556       4
 375543       4
 274617       4
 373716       4
 375564       4
 332199       4
 332346       4
 331128       4
 332451       4
 318045       4
 330876       4
 371112       4
 332535       4
 330834       4
 369159       4
 369033       4
 327369       4
 277116       4
 325269       4
 276507       4
 335349       4
 321741       4
 315462       4
 261009       4
 315378       4
 382284       4
 315042       4
 329259       4
 335643       4
 314937       4
 269745       4
 321972       4
 375900       4
 277200       4
 314370       4
 327327       4
 329133       4
 277263       4
 367983       4
 372204       4
 336105       4
 336147       4
 372120       4
 315588       4
 276318       4
 334992       4
 369012       4
 324849       4
 368991       4
 321069       4
 316533       4
 316302       4
 316260       4
 334320       4
 276087       4
 330036       4
 324807       4
 383208       4
 321237       4
 329847       4
 276129       4
 259770       4
 260379       4
 329784       4
 276255       4
 329721       4
 260253       4
 272853       4
 315651       4
 365883       4
 354858       4
 279909       4
 301392       4
 301056       4
 301098       4
 360192       4
 301119       4
 360339       4
 346920       4
 301476       4
 300783       4
 301560       4
 346773       4
 360549       4
 339297       4
 346416       4
 346248       4
 347319       4
 287301       4
 343476       4
 299817       4
 288561       4
 348852       4
 358848       4
 358932       4
 359121       4
 299733       4
 288162       4
 266595       4
 299985       4
 300027       4
 288120       4
 300153       4
 348033       4
 348012       4
 285894       4
 285831       4
 345975       4
 380856       4
 380730       4
 304584       4
 344358       4
 304773       4
 283815       4
 304962       4
 362628       4
 345933       4
 343770       4
 305172       4
 283647       4
 305235       4
 283500       4
 343581       4
 284319       4
 344736       4
 376950       4
 376971       4
 284655       4
 303807       4
 284718       4
 303660       4
 262584       4
 303429       4
 303366       4
 377055       4
 262647       4
 345702       4
 266910       4
 285432       4
 345849       4
 349041       4
 298914       4
 379827       4
 266049       4
 265188       4
 353136       4
 355971       4
 352926       4
 291732       4
 295701       4
 291333       4
 296646       4
 264915       4
 291249       4
 291165       4
 290766       4
 357042       4
 351939       4
 294945       4
 294924       4
 294798       4
 294714       4
 353493       4
 294399       4
 353682       4
 294021       4
 292488       4
 355404       4
 292719       4
 292740       4
 354123       4
 355026       4
 265629       4
 293223       4
 326025       4
 290598       4
 357126       4
 349419       4
 298305       4
 350448       4
 357903       4
 264138       4
 264117       4
 379659       4
 350049       4
 349797       4
 351687       4
 266280       4
 298536       4
 263760       4
 298683       4
 298704       4
 358533       4
 357861       4
 350616       4
 264285       4
 297633       4
 297507       4
 357714       4
 290010       4
 350994       4
 297423       4
 290031       4
 379239       4
 351288       4
 351330       4
 290136       4
 357399       4
 357294       4
 290535       4
 363069       4
 270585       4
 364245       4
 341859       4
 342195       4
 340557       4
 365631       4
 282387       4
 281316       4
 340305       4
 267204       4
 306117       4
 342237       4
 282996       4
 306411       4
 307629       4
 341481       4
 339675       4
 381633       4
 339549       4
 282975       4
 308868       4
 306789       4
 339948       4
 262080       4
 342363       4
 363804       4
 282009       4
 339822       4
 306768       4
 340326       4
 282891       4
 282030       4
 307524       4
 340704       4
 364875       4
 343182       4
 381045       4
 376341       4
 267288       4
 364833       4
 309015       4
 363279       4
 364770       4
 381255       4
 305634       4
 339360       4
 283269       4
 309540       4
 281820       4
 339444       4
 342468       4
 365148       4
 307902       4
 282555       4
 308910       4
 342930       4
 306978       4
 380982       4
 322896       3
 290094       3
 272685       3
 311388       3
 290199       3
 290367       3
 297129       3
 280959       3
 323358       3
 323379       3
 297192       3
 296940       3
 311283       3
 308952       3
 323064       3
 297087       3
 262353       3
 272727       3
 297297       3
 289212       3
 273063       3
 264012       3
 270606       3
 298095       3
 308301       3
 273000       3
 311913       3
 289611       3
 272979       3
 281505       3
 308490       3
 260064       3
 321426       3
 272790       3
 321615       3
 264159       3
 308700       3
 264390       3
 322014       3
 281169       3
 322119       3
 264453       3
 292992       3
 311556       3
 297381       3
 278880       3
 270165       3
 290052       3
 281148       3
 290871       3
 296667       3
 259665       3
 280098       3
 294126       3
 294189       3
 265482       3
 294273       3
 325185       3
 310128       3
 294441       3
 292299       3
 265440       3
 292194       3
 310275       3
 280224       3
 270438       3
 310359       3
 325437       3
 259560       3
 310065       3
 292971       3
 270711       3
 270795       3
 293034       3
 325836       3
 293139       3
 279930       3
 292866       3
 292509       3
 280014       3
 325626       3
 309939       3
 259476       3
 292551       3
 279678       3
 309477       3
 291900       3
 271950       3
 324702       3
 291207       3
 310863       3
 259959       3
 264789       3
 311976       3
 296268       3
 290808       3
 309120       3
 267939       3
 280833       3
 280896       3
 323694       3
 296625       3
 311178       3
 271782       3
 323967       3
 324009       3
 324093       3
 295575       3
 265125       3
 280350       3
 324576       3
 265020       3
 324492       3
 309351       3
 280665       3
 261828       3
 324240       3
 259812       3
 259875       3
 324156       3
 310758       3
 261765       3
 273105       3
 278418       3
 311997       3
 275604       3
 284802       3
 306453       3
 317331       3
 268737       3
 268527       3
 303450       3
 306432       3
 267057       3
 303681       3
 303723       3
 317184       3
 317121       3
 303765       3
 306306       3
 282933       3
 268758       3
 314391       3
 302652       3
 260694       3
 285957       3
 274785       3
 306936       3
 285726       3
 317793       3
 269262       3
 285327       3
 282681       3
 269031       3
 285411       3
 268968       3
 314118       3
 302778       3
 316848       3
 267099       3
 277431       3
 283626       3
 283227       3
 305907       3
 305109       3
 305781       3
 315756       3
 315189       3
 283542       3
 304794       3
 305340       3
 276654       3
 283332       3
 283437       3
 315546       3
 283416       3
 315945       3
 262248       3
 284466       3
 304521       3
 314433       3
 284193       3
 304479       3
 316407       3
 275940       3
 304500       3
 283059       3
 283836       3
 260862       3
 262458       3
 283206       3
 283941       3
 316113       3
 316071       3
 269367       3
 318066       3
 260526       3
 281967       3
 278355       3
 299376       3
 278229       3
 273672       3
 312480       3
 299544       3
 278082       3
 273609       3
 299964       3
 319704       3
 319683       3
 273735       3
 273777       3
 277956       3
 320019       3
 273588       3
 263466       3
 312249       3
 289044       3
 289023       3
 321027       3
 281694       3
 308049       3
 262059       3
 273336       3
 299250       3
 263739       3
 281841       3
 281925       3
 288456       3
 320145       3
 299166       3
 273798       3
 319473       3
 286503       3
 313614       3
 313215       3
 286839       3
 286692       3
 263046       3
 313530       3
 307020       3
 302043       3
 307209       3
 318444       3
 260610       3
 302085       3
 318276       3
 260652       3
 302127       3
 274386       3
 307251       3
 313005       3
 300720       3
 263361       3
 287805       3
 300426       3
 277704       3
 319305       3
 307503       3
 286986       3
 313152       3
 263067       3
 269409       3
 300972       3
 274218       3
 319032       3
 261492       3
 286377       3
 384027       3
 354522       3
 361158       3
 360990       3
 372939       3
 379302       3
 346164       3
 356937       3
 346395       3
 346458       3
 366912       3
 346038       3
 333585       3
 333417       3
 333165       3
 346731       3
 372414       3
 332640       3
 347172       3
 333921       3
 334047       3
 367143       3
 378756       3
 345051       3
 378630       3
 334971       3
 345282       3
 345366       3
 378735       3
 373317       3
 334593       3
 373065       3
 345429       3
 360759       3
 378903       3
 345534       3
 373128       3
 345660       3
 345744       3
 379701       3
 347466       3
 335433       3
 355908       3
 370818       3
 349482       3
 349713       3
 367500       3
 355950       3
 380667       3
 350091       3
 330204       3
 364791       3
 350469       3
 364581       3
 350490       3
 329973       3
 381129       3
 329700       3
 381150       3
 330687       3
 356160       3
 347571       3
 331842       3
 371763       3
 347760       3
 380016       3
 356349       3
 331947       3
 331926       3
 348264       3
 331779       3
 330939       3
 371553       3
 348369       3
 331611       3
 348453       3
 331527       3
 331380       3
 331023       3
 378504       3
 360486       3
 350826       3
 338310       3
 357987       3
 341838       3
 357945       3
 376572       3
 342258       3
 342489       3
 375144       3
 342657       3
 375606       3
 357924       3
 359499       3
 338142       3
 338121       3
 338079       3
 365820       3
 342804       3
 338814       3
 358218       3
 337659       3
 341019       3
 340494       3
 358680       3
 358596       3
 340641       3
 340746       3
 375732       3
 358743       3
 339654       3
 338856       3
 339423       3
 366324       3
 376257       3
 339066       3
 341313       3
 338919       3
 358344       3
 337680       3
 366681       3
 357315       3
 374157       3
 357525       3
 336252       3
 360066       3
 336210       3
 336168       3
 357504       3
 336000       3
 373737       3
 336420       3
 360297       3
 335685       3
 378357       3
 335580       3
 360318       3
 344778       3
 365358       3
 374430       3
 336483       3
 377454       3
 336861       3
 343497       3
 357735       3
 357693       3
 377580       3
 343749       3
 337029       3
 337008       3
 336840       3
 344085       3
 336777       3
 343896       3
 336714       3
 374535       3
 366702       3
 343938       3
 377790       3
 355803       3
 346878       3
 340452       3
 354585       3
 364014       3
 352002       3
 382053       3
 327117       3
 355467       3
 368445       3
 353598       3
 354669       3
 326928       3
 368340       3
 355530       3
 383670       3
 381990       3
 369915       3
 383733       3
 369936       3
 381969       3
 351414       3
 353871       3
 369978       3
 329175       3
 327222       3
 383439       3
 353472       3
 362922       3
 382788       3
 352884       3
 368697       3
 368844       3
 328230       3
 382935       3
 369180       3
 362586       3
 364371       3
 369264       3
 368508       3
 368550       3
 354837       3
 327558       3
 363195       3
 328671       3
 369348       3
 382242       3
 364161       3
 369390       3
 383796       3
 352947       3
 351036       3
 363720       3
 354186       3
 355740       3
 354081       3
 363552       3
 383922       3
 381318       3
 364560       3
 370251       3
 381570       3
 354312       3
 329280       3
 357546       2
 304920       2
 357609       2
 304857       2
 277347       2
 340809       2
 344043       2
 340767       2
 344064       2
 344106       2
 268842       2
 294777       2
 304752       2
 304668       2
 353304       2
 353325       2
 341376       2
 368529       2
 268989       2
 305319       2
 305298       2
 270522       2
 343644       2
 294483       2
 343707       2
 343728       2
 294504       2
 294609       2
 308322       2
 343812       2
 354438       2
 357651       2
 354543       2
 276486       2
 340830       2
 343854       2
 353388       2
 276465       2
 344379       2
 276969       2
 341103       2
 374220       2
 268653       2
 278796       2
 288834       2
 304143       2
 290241       2
 304101       2
 355089       2
 295113       2
 304059       2
 344694       2
 373695       2
 271215       2
 293412       2
 303954       2
 366513       2
 303933       2
 276171       2
 352968       2
 304248       2
 270984       2
 304311       2
 277032       2
 363930       2
 344442       2
 344463       2
 368655       2
 270837       2
 344505       2
 295008       2
 353031       2
 293538       2
 344631       2
 295050       2
 304437       2
 304416       2
 353010       2
 268674       2
 304395       2
 290157       2
 308637       2
 288939       2
 276549       2
 278859       2
 307104       2
 293202       2
 294042       2
 341964       2
 307860       2
 279174       2
 269136       2
 306999       2
 342132       2
 341250       2
 307944       2
 342342       2
 269115       2
 375186       2
 288981       2
 342531       2
 269682       2
 293160       2
 269724       2
 289527       2
 269598       2
 279195       2
 343434       2
 294000       2
 375690       2
 307671       2
 354018       2
 307776       2
 375669       2
 307545       2
 368277       2
 341628       2
 353955       2
 293769       2
 307818       2
 353892       2
 358113       2
 279300       2
 307356       2
 289002       2
 269472       2
 289380       2
 307188       2
 306537       2
 342573       2
 288960       2
 306474       2
 374892       2
 366639       2
 357777       2
 343203       2
 270291       2
 270312       2
 305697       2
 305655       2
 343287       2
 289905       2
 270375       2
 305571       2
 305550       2
 270396       2
 305508       2
 293055       2
 343392       2
 305424       2
 269178       2
 278943       2
 305970       2
 294420       2
 342720       2
 279132       2
 368151       2
 269829       2
 341124       2
 269892       2
 308070       2
 276633       2
 354564       2
 289632       2
 374934       2
 342762       2
 308112       2
 289779       2
 353556       2
 269997       2
 353535       2
 270123       2
 352905       2
 278964       2
 370356       2
 303870       2
 273630       2
 367269       2
 296898       2
 371511       2
 351519       2
 273483       2
 278208       2
 348516       2
 299712       2
 371259       2
 367395       2
 299565       2
 351582       2
 348558       2
 371154       2
 299481       2
 348642       2
 348663       2
 273714       2
 348831       2
 371028       2
 370986       2
 273840       2
 300048       2
 275226       2
 273903       2
 273168       2
 367626       2
 275436       2
 347592       2
 371784       2
 347655       2
 347697       2
 300531       2
 367605       2
 347781       2
 291228       2
 300384       2
 278313       2
 300321       2
 356391       2
 347907       2
 369684       2
 296688       2
 369768       2
 356328       2
 300195       2
 348201       2
 371595       2
 348936       2
 299082       2
 290262       2
 370482       2
 298326       2
 274428       2
 277935       2
 350007       2
 277893       2
 370104       2
 291879       2
 350154       2
 274911       2
 298053       2
 350385       2
 355992       2
 367521       2
 291984       2
 297402       2
 297759       2
 370230       2
 350532       2
 350553       2
 297444       2
 274743       2
 350658       2
 367563       2
 292257       2
 355614       2
 274029       2
 299040       2
 348999       2
 292278       2
 273966       2
 297150       2
 298956       2
 349020       2
 370944       2
 349104       2
 356097       2
 349209       2
 370629       2
 349314       2
 351183       2
 297234       2
 291585       2
 349524       2
 298620       2
 291648       2
 349587       2
 349608       2
 356076       2
 300846       2
 371847       2
 300951       2
 302820       2
 352548       2
 295827       2
 373212       2
 303051       2
 367647       2
 302967       2
 373191       2
 275793       2
 357210       2
 302841       2
 352401       2
 303177       2
 290577       2
 302736       2
 292593       2
 271824       2
 357084       2
 352380       2
 373044       2
 346059       2
 356979       2
 372960       2
 290472       2
 292656       2
 371868       2
 370377       2
 344904       2
 290283       2
 344967       2
 357378       2
 290346       2
 295407       2
 278712       2
 295533       2
 355236       2
 373548       2
 368886       2
 373401       2
 303471       2
 271425       2
 373506       2
 303408       2
 345261       2
 369138       2
 271509       2
 352632       2
 278691       2
 373443       2
 352338       2
 277641       2
 352317       2
 272811       2
 272622       2
 356706       2
 358638       2
 372393       2
 301434       2
 346899       2
 278481       2
 301350       2
 372267       2
 301266       2
 356580       2
 277683       2
 291123       2
 272895       2
 296394       2
 371931       2
 275541       2
 292530       2
 369495       2
 301035       2
 347256       2
 300993       2
 272601       2
 352023       2
 367080       2
 290913       2
 366786       2
 302400       2
 366828       2
 302316       2
 296184       2
 372729       2
 296205       2
 272202       2
 369474       2
 372687       2
 296289       2
 346626       2
 290829       2
 352086       2
 372666       2
 290850       2
 275562       2
 301959       2
 301917       2
 372582       2
 372477       2
 303492       2
 282870       2
 340431       2
 364854       2
 284886       2
 320166       2
 262836       2
 320124       2
 380541       2
 330666       2
 284949       2
 361872       2
 330897       2
 262962       2
 319872       2
 319830       2
 285033       2
 330414       2
 361809       2
 331002       2
 380352       2
 319641       2
 380310       2
 380268       2
 281484       2
 361683       2
 285159       2
 263235       2
 319452       2
 319431       2
 284865       2
 320292       2
 364896       2
 262521       2
 329994       2
 381003       2
 262332       2
 362019       2
 361977       2
 284697       2
 320859       2
 380793       2
 361935       2
 320775       2
 320754       2
 320712       2
 281757       2
 262773       2
 330309       2
 281736       2
 320565       2
 364602       2
 284823       2
 380583       2
 262668       2
 330372       2
 320418       2
 320397       2
 262710       2
 262752       2
 281442       2
 380121       2
 365211       2
 317541       2
 263991       2
 317919       2
 317835       2
 365064       2
 332787       2
 379638       2
 332850       2
 332892       2
 285621       2
 379512       2
 317604       2
 317583       2
 317520       2
 285558       2
 264222       2
 333123       2
 379491       2
 333249       2
 365127       2
 333312       2
 317289       2
 333480       2
 333543       2
 264306       2
 317163       2
 333648       2
 332556       2
 332430       2
 263424       2
 318591       2
 319158       2
 263445       2
 361641       2
 263487       2
 331800       2
 285369       2
 318906       2
 318864       2
 318822       2
 263592       2
 263676       2
 332073       2
 379995       2
 318087       2
 263718       2
 318423       2
 332241       2
 379785       2
 332262       2
 332283       2
 318234       2
 285516       2
 263865       2
 332409       2
 263886       2
 379764       2
 362082       2
 381066       2
 381087       2
 327579       2
 383481       2
 282513       2
 363258       2
 260106       2
 383292       2
 282492       2
 283353       2
 260274       2
 327537       2
 383250       2
 260337       2
 324324       2
 363090       2
 327159       2
 260463       2
 383166       2
 283521       2
 327789       2
 327852       2
 323904       2
 323862       2
 382620       2
 382557       2
 362817       2
 328146       2
 362607       2
 364119       2
 259917       2
 381171       2
 259518       2
 325962       2
 326046       2
 259266       2
 363909       2
 326151       2
 282807       2
 282786       2
 325752       2
 363741       2
 363573       2
 363531       2
 326445       2
 383817       2
 383565       2
 282702       2
 383754       2
 325374       2
 259623       2
 325332       2
 326865       2
 383649       2
 327033       2
 259791       2
 325038       2
 383628       2
 282660       2
 328356       2
 260904       2
 323442       2
 321930       2
 261450       2
 322329       2
 284109       2
 284151       2
 322245       2
 261534       2
 322182       2
 364497       2
 364518       2
 261618       2
 261681       2
 362250       2
 381696       2
 282114       2
 281862       2
 321762       2
 381444       2
 381360       2
 284424       2
 329469       2
 329490       2
 381276       2
 321468       2
 284508       2
 381234       2
 329595       2
 362292       2
 322413       2
 322455       2
 284025       2
 282051       2
 362565       2
 382305       2
 364413       2
 328629       2
 323253       2
 362439       2
 382116       2
 261135       2
 328713       2
 323001       2
 328734       2
 328755       2
 283899       2
 382074       2
 261198       2
 362376       2
 328881       2
 362355       2
 322686       2
 328944       2
 322644       2
 322623       2
 362334       2
 328965       2
 333669       2
 379680       2
 264369       2
 287847       2
 365694       2
 312165       2
 312102       2
 377244       2
 312060       2
 337533       2
 311955       2
 337743       2
 365778       2
 311871       2
 311850       2
 337911       2
 365925       2
 280392       2
 267036       2
 287931       2
 338268       2
 338289       2
 376866       2
 311199       2
 366030       2
 311157       2
 311115       2
 311073       2
 279741       2
 338436       2
 337470       2
 266763       2
 266721       2
 377349       2
 377979       2
 287133       2
 266133       2
 377811       2
 313341       2
 313320       2
 313278       2
 287175       2
 336651       2
 336756       2
 312984       2
 312942       2
 312816       2
 337113       2
 312753       2
 312711       2
 287364       2
 359814       2
 280245       2
 361074       2
 280203       2
 312522       2
 266574       2
 287553       2
 365589       2
 288078       2
 376635       2
 338499       2
 288330       2
 309834       2
 358974       2
 309687       2
 339129       2
 358764       2
 267918       2
 376173       2
 268002       2
 268023       2
 279531       2
 366366       2
 358722       2
 358701       2
 288624       2
 339885       2
 288645       2
 339969       2
 375984       2
 309036       2
 366387       2
 375858       2
 340200       2
 268464       2
 268485       2
 340368       2
 288351       2
 359100       2
 376614       2
 376446       2
 338541       2
 366072       2
 338604       2
 359205       2
 310653       2
 310632       2
 366156       2
 267435       2
 310548       2
 310485       2
 310464       2
 366198       2
 310380       2
 310338       2
 310317       2
 288246       2
 267519       2
 310170       2
 288267       2
 267603       2
 376551       2
 310044       2
 376488       2
 309981       2
 309960       2
 378021       2
 266469       2
 334908       2
 335307       2
 334278       2
 335496       2
 264747       2
 265335       2
 315294       2
 315252       2
 280539       2
 334152       2
 335517       2
 360423       2
 316386       2
 286629       2
 334635       2
 378378       2
 316428       2
 314958       2
 360969       2
 314895       2
 286671       2
 265230       2
 334299       2
 316491       2
 280623       2
 334740       2
 280749       2
 280728       2
 378840       2
 280770       2
 264852       2
 378714       2
 360612       2
 360801       2
 365337       2
 265104       2
 334929       2
 316134       2
 316197       2
 315630       2
 280644       2
 334362       2
 335223       2
 360906       2
 314727       2
 264684       2
 314685       2
 379113       2
 265692       2
 265713       2
 314265       2
 264516       2
 379344       2
 333837       2
 314160       2
 264432       2
 316911       2
 378105       2
 360024       2
 313950       2
 265965       2
 313887       2
 316932       2
 287049       2
 285915       2
 333774       2
 336378       2
 365232       2
 378189       2
 378273       2
 314664       2
 280875       2
 286797       2
 265566       2
 286755       2
 335790       2
 360255       2
 379008       2
 286776       2
 366408       1
 364224       1
 277410       1
 278670       1
 363951       1
 278376       1
 278502       1
 279279       1
 282429       1
 368025       1
 365274       1
 367857       1
 279258       1
 364287       1
 367920       1
 368004       1
 364203       1
 368214       1
 279447       1
 280812       1
 281022       1
 282744       1
 278439       1
 278460       1
 366975       1
 281085       1
 366555       1
 365043       1
 279342       1
 368235       1
 279384       1
 366744       1
 363993       1
 365085       1
 367794       1
 367458       1
 282261       1
 281358       1
 277788       1
 277809       1
 279972       1
 281463       1
 365715       1
 280056       1
 278145       1
 364539       1
 280119       1
 281799       1
 278124       1
 280161       1
 365568       1
 280518       1
 278838       1
 280497       1
 280287       1
 278103       1
 280308       1
 280476       1
 364707       1
 280329       1
 280455       1
 365463       1
 280434       1
 367479       1
 280371       1
 278019       1
 367416       1
 277767       1
 367332       1
 282219       1
 366618       1
 367773       1
 367710       1
 366576       1
 277536       1
 364329       1
 367668       1
 277578       1
 282156       1
 279216       1
 281190       1
 280686       1
 366093       1
 281211       1
 365022       1
 281631       1
 364434       1
 366051       1
 281295       1
 367206       1
 279762       1
 364959       1
 278733       1
 281988       1
 365967       1
 279825       1
 364476       1
 279111       1
 279888       1
 277746       1
 366303       1
 326004       1
 277074       1
 264705       1
 264831       1
 378882       1
 264894       1
 264957       1
 264978       1
 378693       1
 265062       1
 265083       1
 378672       1
 378567       1
 265251       1
 378462       1
 378399       1
 265398       1
 265419       1
 265461       1
 378315       1
 265524       1
 378294       1
 378945       1
 264663       1
 378231       1
 264642       1
 379848       1
 379806       1
 263781       1
 263844       1
 379722       1
 264033       1
 264054       1
 379554       1
 264180       1
 264201       1
 379428       1
 379407       1
 264327       1
 264348       1
 379386       1
 264411       1
 379218       1
 379176       1
 379050       1
 265608       1
 265650       1
 263550       1
 377412       1
 266742       1
 377328       1
 377307       1
 266847       1
 377202       1
 377160       1
 377118       1
 266973       1
 377097       1
 267015       1
 377076       1
 267078       1
 376908       1
 376887       1
 376782       1
 376761       1
 376719       1
 267225       1
 376656       1
 377370       1
 377433       1
 265671       1
 266490       1
 378210       1
 378126       1
 265818       1
 265839       1
 265860       1
 378084       1
 265986       1
 266007       1
 377895       1
 266112       1
 377727       1
 377706       1
 377685       1
 377664       1
 377538       1
 377517       1
 377496       1
 266406       1
 266448       1
 263571       1
 263508       1
 277053       1
 383229       1
 260442       1
 260505       1
 383040       1
 382893       1
 382767       1
 382704       1
 382662       1
 260778       1
 260820       1
 382536       1
 382515       1
 382473       1
 260925       1
 260946       1
 382452       1
 382389       1
 261030       1
 382263       1
 382200       1
 260421       1
 260358       1
 261261       1
 383271       1
 383901       1
 259329       1
 259350       1
 383880       1
 259413       1
 259434       1
 259455       1
 383838       1
 259497       1
 259581       1
 259707       1
 259833       1
 259854       1
 259938       1
 383502       1
 383376       1
 383355       1
 260190       1
 260211       1
 261156       1
 261282       1
 380079       1
 262563       1
 262605       1
 262626       1
 262689       1
 262794       1
 262815       1
 380520       1
 262899       1
 380499       1
 262941       1
 380457       1
 380394       1
 380373       1
 263151       1
 263172       1
 263214       1
 380226       1
 263298       1
 380205       1
 380184       1
 380646       1
 380709       1
 261345       1
 262437       1
 261366       1
 261387       1
 261408       1
 382032       1
 382011       1
 261513       1
 381885       1
 381864       1
 381801       1
 381654       1
 381549       1
 381465       1
 381339       1
 261975       1
 262038       1
 262269       1
 262311       1
 380961       1
 380898       1
 267309       1
 267372       1
 267393       1
 371280       1
 273693       1
 371070       1
 273924       1
 273945       1
 370860       1
 274092       1
 370734       1
 370650       1
 274239       1
 274260       1
 274281       1
 274302       1
 274365       1
 370587       1
 274407       1
 370503       1
 274470       1
 274512       1
 274575       1
 371238       1
 371364       1
 370419       1
 273357       1
 272328       1
 272454       1
 272496       1
 272517       1
 272664       1
 372372       1
 272748       1
 372078       1
 372015       1
 371994       1
 371952       1
 371889       1
 273042       1
 273126       1
 273231       1
 371721       1
 371658       1
 371637       1
 371574       1
 370440       1
 274680       1
 267414       1
 276024       1
 368781       1
 368676       1
 276213       1
 276234       1
 368613       1
 368571       1
 276360       1
 276381       1
 368487       1
 276570       1
 368382       1
 276696       1
 276717       1
 276822       1
 368298       1
 276885       1
 368256       1
 276927       1
 276948       1
 276066       1
 275982       1
 370188       1
 368949       1
 370083       1
 370020       1
 274995       1
 369999       1
 275079       1
 275121       1
 275163       1
 369894       1
 275268       1
 369621       1
 369600       1
 369537       1
 275520       1
 275667       1
 275730       1
 275772       1
 275835       1
 369222       1
 369054       1
 272286       1
 272265       1
 272076       1
 268590       1
 268632       1
 268695       1
 375795       1
 375753       1
 375711       1
 269052       1
 269094       1
 269157       1
 269241       1
 375627       1
 269304       1
 375585       1
 375501       1
 375480       1
 375459       1
 269451       1
 269493       1
 269514       1
 375438       1
 268611       1
 268569       1
 372792       1
 375816       1
 267456       1
 267498       1
 267540       1
 376425       1
 267750       1
 267792       1
 376383       1
 376299       1
 267876       1
 376194       1
 268044       1
 376131       1
 268149       1
 268170       1
 268212       1
 376068       1
 376026       1
 375921       1
 375879       1
 269577       1
 375417       1
 375291       1
 375102       1
 270942       1
 373926       1
 373905       1
 373653       1
 271257       1
 373611       1
 271320       1
 373569       1
 271362       1
 271383       1
 373485       1
 373275       1
 271698       1
 373107       1
 271803       1
 271845       1
 373023       1
 372981       1
 272013       1
 374304       1
 270753       1
 270690       1
 374766       1
 269787       1
 269871       1
 375060       1
 375039       1
 269955       1
 374955       1
 270144       1
 270186       1
 270270       1
 374451       1
 270333       1
 374724       1
 374703       1
 374619       1
 270501       1
 374556       1
 270564       1
 374472       1
 374409       1
 292446       1
 363825       1
 313971       1
 312501       1
 337134       1
 312585       1
 312606       1
 312627       1
 312648       1
 312669       1
 312690       1
 312774       1
 337092       1
 337050       1
 313068       1
 336630       1
 336546       1
 313383       1
 313404       1
 313509       1
 336525       1
 336504       1
 313572       1
 313635       1
 336462       1
 313866       1
 337155       1
 337176       1
 337281       1
 338016       1
 338394       1
 311136       1
 338373       1
 311241       1
 338226       1
 338205       1
 338184       1
 311430       1
 311640       1
 338037       1
 337953       1
 312333       1
 311787       1
 337764       1
 337638       1
 312081       1
 312123       1
 337512       1
 337491       1
 337365       1
 312270       1
 337323       1
 336357       1
 314013       1
 338457       1
 314034       1
 335370       1
 315525       1
 335118       1
 335097       1
 334887       1
 315735       1
 334845       1
 334824       1
 334782       1
 315861       1
 315882       1
 315903       1
 334677       1
 315987       1
 316029       1
 334530       1
 334425       1
 316092       1
 334383       1
 334341       1
 334257       1
 316323       1
 334089       1
 335475       1
 315399       1
 315357       1
 314454       1
 314097       1
 336126       1
 314202       1
 314244       1
 314286       1
 314307       1
 314328       1
 335874       1
 335832       1
 314412       1
 314475       1
 315336       1
 335748       1
 335706       1
 314601       1
 314748       1
 315000       1
 315084       1
 335538       1
 315126       1
 315147       1
 315210       1
 310926       1
 310884       1
 282954       1
 308259       1
 341922       1
 341901       1
 307167       1
 341796       1
 341775       1
 307272       1
 307293       1
 307398       1
 341754       1
 341712       1
 307461       1
 307482       1
 341670       1
 341502       1
 307587       1
 341460       1
 307692       1
 341397       1
 341292       1
 307881       1
 341208       1
 307986       1
 341187       1
 307062       1
 342027       1
 342405       1
 306138       1
 343329       1
 343245       1
 343224       1
 343140       1
 305886       1
 343119       1
 305949       1
 343098       1
 343077       1
 306096       1
 306201       1
 306663       1
 306222       1
 342783       1
 306285       1
 342699       1
 306369       1
 342678       1
 342615       1
 306558       1
 306600       1
 306621       1
 308175       1
 340956       1
 310821       1
 308427       1
 339402       1
 339339       1
 339192       1
 339108       1
 309792       1
 309813       1
 339087       1
 309876       1
 309897       1
 339024       1
 310002       1
 338982       1
 338961       1
 338898       1
 310212       1
 338835       1
 310422       1
 310569       1
 338667       1
 338625       1
 310695       1
 338583       1
 310779       1
 339591       1
 339717       1
 339738       1
 340284       1
 308469       1
 340662       1
 308553       1
 340536       1
 340515       1
 308679       1
 340473       1
 308763       1
 308805       1
 340347       1
 340242       1
 339759       1
 340158       1
 308994       1
 340053       1
 339990       1
 309162       1
 309225       1
 309267       1
 309309       1
 339843       1
 339801       1
 316449       1
 316470       1
 316554       1
 327810       1
 322854       1
 328797       1
 328692       1
 323085       1
 323106       1
 323148       1
 323169       1
 323295       1
 323316       1
 323337       1
 328545       1
 328419       1
 328398       1
 323505       1
 328377       1
 323568       1
 328314       1
 323652       1
 323715       1
 328083       1
 323757       1
 323799       1
 327999       1
 328839       1
 322812       1
 322749       1
 322161       1
 321699       1
 321720       1
 329343       1
 321825       1
 321846       1
 321867       1
 329238       1
 321993       1
 329217       1
 322035       1
 322203       1
 322728       1
 329070       1
 322266       1
 322287       1
 322308       1
 322350       1
 329028       1
 329007       1
 322560       1
 322581       1
 328923       1
 323883       1
 323988       1
 316575       1
 324072       1
 324975       1
 325080       1
 326907       1
 325248       1
 326802       1
 326697       1
 326676       1
 326634       1
 326613       1
 326592       1
 326571       1
 325563       1
 325584       1
 326403       1
 325647       1
 326361       1
 325710       1
 326340       1
 326319       1
 326277       1
 325857       1
 326088       1
 325920       1
 327096       1
 324912       1
 324891       1
 324450       1
 327747       1
 327684       1
 324135       1
 327663       1
 324177       1
 324198       1
 324282       1
 324345       1
 324387       1
 324408       1
 327453       1
 327138       1
 327432       1
 324534       1
 327390       1
 324597       1
 324618       1
 324660       1
 327285       1
 324723       1
 324744       1
 324786       1
 321678       1
 321636       1
 321594       1
 321573       1
 318003       1
 332472       1
 318108       1
 318129       1
 332325       1
 318213       1
 318318       1
 318360       1
 332220       1
 318465       1
 318507       1
 318528       1
 318654       1
 318675       1
 318738       1
 318780       1
 318885       1
 331863       1
 319053       1
 319095       1
 331695       1
 331590       1
 331569       1
 317982       1
 332577       1
 332703       1
 333711       1
 316596       1
 333984       1
 333900       1
 316743       1
 316827       1
 333879       1
 316890       1
 333795       1
 317016       1
 317037       1
 317079       1
 332724       1
 333606       1
 333270       1
 333186       1
 317415       1
 317478       1
 317499       1
 332997       1
 332913       1
 317667       1
 317730       1
 319284       1
 331443       1
 319410       1
 330141       1
 320544       1
 320586       1
 320649       1
 330288       1
 330225       1
 320796       1
 320817       1
 320880       1
 321006       1
 330183       1
 330120       1
 320502       1
 330057       1
 321132       1
 329889       1
 329805       1
 329763       1
 329679       1
 321363       1
 329532       1
 321447       1
 329511       1
 320523       1
 320481       1
 331296       1
 319914       1
 331275       1
 331254       1
 319536       1
 331233       1
 319599       1
 331086       1
 319662       1
 319725       1
 319746       1
 330918       1
 319956       1
 320376       1
 330813       1
 330708       1
 330624       1
 320103       1
 330540       1
 320187       1
 330519       1
 330393       1
 320334       1
 320355       1
 305592       1
 305529       1
 343371       1
 356223       1
 357630       1
 357462       1
 290388       1
 290409       1
 357231       1
 290493       1
 290661       1
 290724       1
 290745       1
 356895       1
 356790       1
 356748       1
 291018       1
 291039       1
 356622       1
 356538       1
 291186       1
 356496       1
 356307       1
 291354       1
 356265       1
 291396       1
 291417       1
 289989       1
 289947       1
 289926       1
 358092       1
 288477       1
 288519       1
 288540       1
 288687       1
 358659       1
 288771       1
 288813       1
 358470       1
 358365       1
 358260       1
 358071       1
 289863       1
 289254       1
 289338       1
 289401       1
 357966       1
 289506       1
 289590       1
 357840       1
 289800       1
 289821       1
 357798       1
 291438       1
 356181       1
 353514       1
 356139       1
 354942       1
 354795       1
 354753       1
 293118       1
 354627       1
 293307       1
 293433       1
 293454       1
 293496       1
 293559       1
 293580       1
 354501       1
 293706       1
 293790       1
 293832       1
 353976       1
 353850       1
 353829       1
 353808       1
 353787       1
 353766       1
 294252       1
 294294       1
 354963       1
 292908       1
 292887       1
 292383       1
 291606       1
 291627       1
 291669       1
 356013       1
 291753       1
 291837       1
 291858       1
 355887       1
 355656       1
 292362       1
 355572       1
 355173       1
 325983       1
 292467       1
 355446       1
 355341       1
 292572       1
 292614       1
 292677       1
 292698       1
 355257       1
 355194       1
 288372       1
 359142       1
 288183       1
 288141       1
 362271       1
 362208       1
 362187       1
 362145       1
 362124       1
 284571       1
 284760       1
 284781       1
 361914       1
 361893       1
 284928       1
 284970       1
 285012       1
 361746       1
 285201       1
 285243       1
 285264       1
 361662       1
 361599       1
 361557       1
 361452       1
 361326       1
 285474       1
 284172       1
 362313       1
 283962       1
 363111       1
 283122       1
 283143       1
 283164       1
 283185       1
 363489       1
 363447       1
 363363       1
 363321       1
 363237       1
 283374       1
 363006       1
 283878       1
 362859       1
 283563       1
 283584       1
 362838       1
 362754       1
 283668       1
 283752       1
 283773       1
 283794       1
 362523       1
 361305       1
 285600       1
 285642       1
 287763       1
 287322       1
 287406       1
 287469       1
 287490       1
 359688       1
 359625       1
 359604       1
 287637       1
 287679       1
 359583       1
 359562       1
 359940       1
 359520       1
 287826       1
 287868       1
 287910       1
 287952       1
 359478       1
 288036       1
 359457       1
 359331       1
 359310       1
 359898       1
 287238       1
 285663       1
 360591       1
 361221       1
 285747       1
 361137       1
 285978       1
 286041       1
 286146       1
 360927       1
 360696       1
 360654       1
 286335       1
 286398       1
 359982       1
 286419       1
 286482       1
 360465       1
 286545       1
 360234       1
 360213       1
 360108       1
 286923       1
 287007       1
 287070       1
 294315       1
 294462       1
 305382       1
 302526       1
 301329       1
 301371       1
 301413       1
 301455       1
 301497       1
 346857       1
 346836       1
 301602       1
 346710       1
 301728       1
 301791       1
 301833       1
 301875       1
 302001       1
 302022       1
 346689       1
 302106       1
 346605       1
 346584       1
 302253       1
 346374       1
 346311       1
 346185       1
 301308       1
 301245       1
 347046       1
 300300       1
 348474       1
 299880       1
 348411       1
 348327       1
 348306       1
 348243       1
 348222       1
 348159       1
 348054       1
 347949       1
 347865       1
 347067       1
 347823       1
 300594       1
 300657       1
 300867       1
 347445       1
 347382       1
 347235       1
 347109       1
 301140       1
 347088       1
 346143       1
 346122       1
 294567       1
 346080       1
 344715       1
 303996       1
 304080       1
 344673       1
 304164       1
 304185       1
 344652       1
 304269       1
 304374       1
 344526       1
 344484       1
 344400       1
 344232       1
 344127       1
 343980       1
 304878       1
 304983       1
 343917       1
 305088       1
 343686       1
 305256       1
 305277       1
 343623       1
 344883       1
 344925       1
 344988       1
 303156       1
 302631       1
 345891       1
 302673       1
 345828       1
 345681       1
 345597       1
 302883       1
 302904       1
 345471       1
 345450       1
 303198       1
 345009       1
 303219       1
 345408       1
 345387       1
 345345       1
 345093       1
 345072       1
 303513       1
 303597       1
 303639       1
 345030       1
 348495       1
 299691       1
 299670       1
 348537       1
 352464       1
 295869       1
 295890       1
 295953       1
 296058       1
 296100       1
 352296       1
 352233       1
 352149       1
 352065       1
 351981       1
 296457       1
 296499       1
 351918       1
 296604       1
 351897       1
 351876       1
 351834       1
 351813       1
 296730       1
 351792       1
 351771       1
 296919       1
 352569       1
 295722       1
 295680       1
 295092       1
 353430       1
 353409       1
 353346       1
 294756       1
 294819       1
 294861       1
 353283       1
 353220       1
 294966       1
 353052       1
 295134       1
 295659       1
 295155       1
 295239       1
 352863       1
 295386       1
 295428       1
 352800       1
 352716       1
 295596       1
 352695       1
 352653       1
 351498       1
 296982       1
 297003       1
 349083       1
 298452       1
 298473       1
 349650       1
 298578       1
 298599       1
 298662       1
 349503       1
 349461       1
 349167       1
 349125       1
 298977       1
 349839       1
 298998       1
 299061       1
 348957       1
 348894       1
 299187       1
 299208       1
 348873       1
 348810       1
 299439       1
 348621       1
 349818       1
 349965       1
 351477       1
 350868       1
 351372       1
 297108       1
 351267       1
 297255       1
 351141       1
 351120       1
 297318       1
 351078       1
 351015       1
 297465       1
 297591       1
 298368       1
 297654       1
 350637       1
 297864       1
 297885       1
 350280       1
 350259       1
 298116       1
 298179       1
 298284       1
 349986       1
 321300       1
